Py Solution
============
112.42069293
112.42069293
112.42069293
112.42069293
112.42069293
112.42069293
112.42069293
112.42069293
112.42069293
112.42069293
112.42069293
112.42069293
112.42069293
112.42069293
112.42069293
112.42069293
112.42069293
112.42069293
112.42069293
112.42069293
112.42069293
112.42069293
112.42069293
112.42069293
112.42069293
112.42069293
112.42069293
112.42069293
112.42069293
112.42069293
112.42069293
112.42069293
112.42069293
112.42069293
112.42069293
112.42069293
112.42069293
112.42069293
112.42069293
112.42069293
112.42069293
112.42069293
112.42069293
112.42069293
112.42069293
112.42069293
112.42069293
112.42069293
112.42069293
112.42069293
112.42069293
112.42069293
112.42069293
112.42069293
112.42069293
112.42069293
112.42069293
112.42069293
112.42069293
112.42069293
112.42069293
112.42069293
112.42069293
112.42069293
112.42069293
8.80505365
-16.23868555
-34.76872844
-21.45496326
-34.91600168
-26.43591008
-16.06221919
7.35181870
-35.75270127
-176.88940075
-185.42688412
-218.93062000
-217.70445206
-44.77769047
-75.55709126
-96.38210072
-53.14739566
-136.57883599
-94.70145207
-79.98185726
-92.92733169
-241.72410511
-278.07380136
-320.04496104
-371.05092732
-257.70880912
-207.69220142
-113.62173917
-108.95958119
57.29230787
124.05161682
124.05161682
57.29230787
-108.95958119
-113.62173917
-207.69220142
-257.70880912
-371.05092732
-320.04496104
-278.07380136
-241.72410511
-92.92733169
-79.98185726
-94.70145207
-136.57883599
-53.14739566
-96.38210072
-75.55709126
-44.77769047
-217.70445206
-218.93062000
-185.42688412
-176.88940075
-35.75270127
7.35181870
-16.06221919
-26.43591008
-34.91600168
-21.45496326
-34.76872844
-16.23868555
8.80505365
112.42069293
112.42069293
-9.58577466
29.04147338
-36.76561567
-91.24202894
-138.59215574
-105.04214894
-136.80054300
-146.46933856
-257.25991714
-349.26764096
-415.34592525
-403.45891065
-250.65054612
-220.76240543
-175.65956444
-210.92804367
-232.64397534
-254.01408958
-269.09290830
-277.98118634
-361.32439728
-281.53796851
-462.94729214
-674.86738015
-630.99118036
-479.30024437
-248.67762798
-277.54119124
-166.82514803
-77.34388586
78.79840880
78.79840880
-77.34388586
-166.82514803
-277.54119124
-248.67762798
-479.30024437
-630.99118036
-674.86738015
-462.94729214
-281.53796852
-361.32439728
-277.98118634
-269.09290830
-254.01408958
-232.64397534
-210.92804367
-175.65956444
-220.76240543
-250.65054612
-403.45891065
-415.34592525
-349.26764096
-257.25991714
-146.46933856
-136.80054300
-105.04214894
-138.59215574
-91.24202894
-36.76561567
29.04147338
-9.58577466
112.42069293
112.42069293
155.25499558
20.64231815
62.02267739
13.60697695
-141.50276300
-243.14385669
-302.71930696
-385.89129876
-545.91841465
-597.55532407
-624.90390790
-556.60707507
-399.17513555
-256.11057633
-366.17534575
-363.48258694
-401.69485517
-424.93422167
-473.25230200
-463.30456709
-484.48493648
-544.97464199
-601.84510695
-782.76769274
-754.91263948
-578.13256123
-389.39704238
-292.42016479
-347.96137437
-215.42873454
-180.86365403
-180.86365403
-215.42873453
-347.96137437
-292.42016479
-389.39704238
-578.13256123
-754.91263948
-782.76769274
-601.84510695
-544.97464199
-484.48493649
-463.30456709
-473.25230200
-424.93422166
-401.69485517
-363.48258694
-366.17534575
-256.11057633
-399.17513555
-556.60707507
-624.90390790
-597.55532407
-545.91841465
-385.89129876
-302.71930696
-243.14385669
-141.50276300
13.60697695
62.02267739
20.64231815
155.25499558
112.42069293
112.42069293
106.89420855
150.04203713
168.87978043
-27.87877826
-195.01106572
-352.46845735
-511.37567793
-511.13243672
-687.31605158
-788.47180737
-744.62035822
-654.14084538
-495.06786744
-432.81038141
-479.74905839
-622.01163524
-608.47030379
-588.53748660
-659.34867347
-582.08746100
-481.20485207
-551.38198051
-669.37479135
-786.89739170
-795.43496583
-656.62766659
-393.52124654
-337.05417618
-431.41517245
-472.18477538
-352.13772919
-352.13772919
-472.18477538
-431.41517245
-337.05417618
-393.52124654
-656.62766659
-795.43496583
-786.89739170
-669.37479135
-551.38198051
-481.20485207
-582.08746100
-659.34867347
-588.53748660
-608.47030379
-622.01163524
-479.74905839
-432.81038140
-495.06786744
-654.14084538
-744.62035822
-788.47180737
-687.31605158
-511.13243672
-511.37567792
-352.46845735
-195.01106572
-27.87877826
168.87978043
150.04203713
106.89420855
112.42069293
112.42069293
93.87284452
104.18095903
67.04799824
-97.17814832
-271.19412509
-400.99370682
-556.68987500
-594.90192670
-708.66150272
-769.02607137
-733.52517131
-669.51718659
-606.42315442
-522.81115147
-598.33905249
-702.50587617
-714.33784074
-674.22301854
-663.89091665
-626.25009678
-525.14350872
-519.88747890
-582.39638227
-774.83082813
-795.51505515
-573.28234932
-343.41451045
-282.63198295
-416.47118129
-388.87916891
-298.11431089
-298.11431089
-388.87916891
-416.47118129
-282.63198295
-343.41451045
-573.28234932
-795.51505515
-774.83082813
-582.39638227
-519.88747890
-525.14350872
-626.25009678
-663.89091665
-674.22301854
-714.33784074
-702.50587617
-598.33905249
-522.81115147
-606.42315442
-669.51718659
-733.52517131
-769.02607137
-708.66150272
-594.90192670
-556.68987500
-400.99370682
-271.19412509
-97.17814833
67.04799824
104.18095903
93.87284452
112.42069293
112.42069293
92.55239275
48.21042065
-28.60618516
-91.75843534
-299.34849528
-504.01142932
-558.85471379
-695.25075065
-696.49437027
-658.04530627
-661.70818222
-680.90225055
-597.81559325
-584.20804693
-639.75987792
-732.10203567
-790.32406828
-759.65545674
-759.95606468
-676.73743148
-492.31571792
-475.33324660
-545.41621242
-633.27841778
-667.15959271
-534.38930212
-296.74629257
-251.67439077
-330.40663818
-256.64134563
-156.85411964
-156.85411964
-256.64134563
-330.40663818
-251.67439077
-296.74629256
-534.38930212
-667.15959271
-633.27841778
-545.41621242
-475.33324660
-492.31571793
-676.73743148
-759.95606468
-759.65545674
-790.32406828
-732.10203567
-639.75987792
-584.20804693
-597.81559325
-680.90225055
-661.70818222
-658.04530628
-696.49437027
-695.25075065
-558.85471379
-504.01142932
-299.34849528
-91.75843534
-28.60618516
48.21042065
92.55239275
112.42069293
112.42069293
88.72772678
-8.29418272
-58.12350795
-154.39988498
-303.50947122
-540.88315915
-657.86608920
-673.03047928
-805.03958354
-644.13405968
-537.06086918
-538.50348941
-495.86997059
-554.74546041
-617.35587715
-767.77494291
-907.58370819
-884.33394289
-842.19195262
-755.76335096
-583.78627015
-409.91030238
-424.82595254
-495.09914538
-537.16313148
-445.24492067
-164.51802452
-140.43093560
-253.45316321
-221.02525768
-87.81414895
-87.81414895
-221.02525768
-253.45316321
-140.43093560
-164.51802452
-445.24492067
-537.16313148
-495.09914538
-424.82595254
-409.91030239
-583.78627015
-755.76335096
-842.19195262
-884.33394289
-907.58370819
-767.77494291
-617.35587715
-554.74546041
-495.86997059
-538.50348941
-537.06086918
-644.13405968
-805.03958354
-673.03047928
-657.86608921
-540.88315915
-303.50947122
-154.39988498
-58.12350795
-8.29418272
88.72772678
112.42069293
112.42069293
95.69649032
-26.54925397
-60.05142092
-129.91058952
-303.31687546
-426.82663105
-676.01558551
-733.44229486
-673.71250256
-588.14213657
-433.01991173
-381.99831407
-364.78480591
-434.76724422
-497.12149834
-764.40337429
-957.80613675
-879.49302861
-867.23024056
-707.76970651
-433.30099976
-319.52427114
-322.62665461
-448.18680415
-394.86634491
-213.34076154
-47.18098246
8.93048316
-141.80360983
-8.35862353
128.69124390
128.69124390
-8.35862353
-141.80360983
8.93048317
-47.18098246
-213.34076154
-394.86634491
-448.18680415
-322.62665461
-319.52427114
-433.30099976
-707.76970651
-867.23024056
-879.49302861
-957.80613675
-764.40337429
-497.12149834
-434.76724422
-364.78480591
-381.99831407
-433.01991173
-588.14213657
-673.71250256
-733.44229486
-676.01558551
-426.82663105
-303.31687546
-129.91058952
-60.05142092
-26.54925397
95.69649032
112.42069293
112.42069293
95.69649032
-26.54925397
-60.05142092
-129.91058952
-303.31687546
-426.82663105
-676.01558551
-733.44229486
-673.71250256
-588.14213657
-433.01991173
-381.99831407
-364.78480591
-434.76724422
-497.12149834
-764.40337429
-957.80613675
-879.49302861
-867.23024056
-707.76970651
-433.30099976
-319.52427114
-322.62665461
-448.18680415
-394.86634491
-213.34076154
-47.18098246
8.93048317
-141.80360983
-8.35862353
128.69124390
128.69124390
-8.35862353
-141.80360983
8.93048317
-47.18098246
-213.34076154
-394.86634491
-448.18680415
-322.62665461
-319.52427114
-433.30099976
-707.76970651
-867.23024056
-879.49302861
-957.80613675
-764.40337429
-497.12149834
-434.76724422
-364.78480591
-381.99831407
-433.01991173
-588.14213657
-673.71250256
-733.44229486
-676.01558551
-426.82663105
-303.31687546
-129.91058952
-60.05142092
-26.54925397
95.69649032
112.42069293
112.42069293
88.72772678
-8.29418272
-58.12350795
-154.39988498
-303.50947122
-540.88315915
-657.86608920
-673.03047928
-805.03958354
-644.13405968
-537.06086918
-538.50348941
-495.86997059
-554.74546041
-617.35587715
-767.77494291
-907.58370819
-884.33394289
-842.19195262
-755.76335096
-583.78627015
-409.91030238
-424.82595254
-495.09914538
-537.16313148
-445.24492067
-164.51802452
-140.43093560
-253.45316321
-221.02525768
-87.81414895
-87.81414895
-221.02525768
-253.45316321
-140.43093560
-164.51802452
-445.24492067
-537.16313148
-495.09914538
-424.82595254
-409.91030239
-583.78627015
-755.76335097
-842.19195262
-884.33394289
-907.58370819
-767.77494291
-617.35587715
-554.74546041
-495.86997059
-538.50348941
-537.06086918
-644.13405968
-805.03958354
-673.03047928
-657.86608920
-540.88315915
-303.50947122
-154.39988498
-58.12350795
-8.29418272
88.72772678
112.42069293
112.42069293
92.55239275
48.21042065
-28.60618516
-91.75843534
-299.34849528
-504.01142932
-558.85471379
-695.25075065
-696.49437027
-658.04530628
-661.70818222
-680.90225055
-597.81559325
-584.20804693
-639.75987792
-732.10203567
-790.32406828
-759.65545674
-759.95606468
-676.73743148
-492.31571792
-475.33324660
-545.41621242
-633.27841778
-667.15959271
-534.38930212
-296.74629257
-251.67439078
-330.40663818
-256.64134563
-156.85411964
-156.85411964
-256.64134563
-330.40663818
-251.67439077
-296.74629257
-534.38930212
-667.15959271
-633.27841778
-545.41621242
-475.33324660
-492.31571793
-676.73743148
-759.95606468
-759.65545674
-790.32406828
-732.10203567
-639.75987792
-584.20804693
-597.81559325
-680.90225055
-661.70818222
-658.04530627
-696.49437026
-695.25075065
-558.85471379
-504.01142932
-299.34849528
-91.75843534
-28.60618516
48.21042065
92.55239275
112.42069293
112.42069293
93.87284452
104.18095903
67.04799824
-97.17814832
-271.19412509
-400.99370682
-556.68987500
-594.90192670
-708.66150272
-769.02607137
-733.52517131
-669.51718659
-606.42315442
-522.81115147
-598.33905249
-702.50587617
-714.33784074
-674.22301854
-663.89091665
-626.25009678
-525.14350872
-519.88747890
-582.39638227
-774.83082813
-795.51505515
-573.28234932
-343.41451045
-282.63198295
-416.47118130
-388.87916891
-298.11431089
-298.11431089
-388.87916891
-416.47118129
-282.63198295
-343.41451045
-573.28234932
-795.51505515
-774.83082813
-582.39638227
-519.88747890
-525.14350872
-626.25009678
-663.89091665
-674.22301854
-714.33784074
-702.50587617
-598.33905249
-522.81115147
-606.42315442
-669.51718659
-733.52517131
-769.02607137
-708.66150272
-594.90192670
-556.68987500
-400.99370682
-271.19412509
-97.17814832
67.04799824
104.18095903
93.87284452
112.42069293
112.42069293
106.89420855
150.04203713
168.87978043
-27.87877826
-195.01106572
-352.46845735
-511.37567792
-511.13243672
-687.31605158
-788.47180737
-744.62035822
-654.14084538
-495.06786744
-432.81038141
-479.74905839
-622.01163524
-608.47030379
-588.53748660
-659.34867347
-582.08746100
-481.20485207
-551.38198051
-669.37479135
-786.89739170
-795.43496583
-656.62766659
-393.52124654
-337.05417618
-431.41517245
-472.18477538
-352.13772919
-352.13772919
-472.18477538
-431.41517245
-337.05417618
-393.52124654
-656.62766659
-795.43496583
-786.89739170
-669.37479135
-551.38198051
-481.20485207
-582.08746100
-659.34867347
-588.53748660
-608.47030379
-622.01163524
-479.74905839
-432.81038141
-495.06786744
-654.14084538
-744.62035822
-788.47180737
-687.31605158
-511.13243672
-511.37567792
-352.46845735
-195.01106572
-27.87877826
168.87978043
150.04203713
106.89420855
112.42069293
112.42069293
155.25499558
20.64231815
62.02267739
13.60697695
-141.50276300
-243.14385669
-302.71930695
-385.89129876
-545.91841465
-597.55532407
-624.90390790
-556.60707507
-399.17513555
-256.11057633
-366.17534575
-363.48258694
-401.69485517
-424.93422166
-473.25230200
-463.30456709
-484.48493648
-544.97464198
-601.84510695
-782.76769274
-754.91263948
-578.13256123
-389.39704238
-292.42016479
-347.96137437
-215.42873454
-180.86365403
-180.86365403
-215.42873453
-347.96137437
-292.42016479
-389.39704238
-578.13256123
-754.91263948
-782.76769274
-601.84510695
-544.97464199
-484.48493649
-463.30456709
-473.25230200
-424.93422167
-401.69485517
-363.48258694
-366.17534575
-256.11057633
-399.17513555
-556.60707507
-624.90390790
-597.55532407
-545.91841465
-385.89129876
-302.71930695
-243.14385669
-141.50276300
13.60697695
62.02267739
20.64231815
155.25499558
112.42069293
112.42069293
-9.58577466
29.04147338
-36.76561567
-91.24202894
-138.59215574
-105.04214894
-136.80054300
-146.46933856
-257.25991714
-349.26764096
-415.34592525
-403.45891065
-250.65054612
-220.76240543
-175.65956444
-210.92804367
-232.64397534
-254.01408958
-269.09290830
-277.98118634
-361.32439728
-281.53796851
-462.94729214
-674.86738015
-630.99118036
-479.30024437
-248.67762798
-277.54119124
-166.82514803
-77.34388586
78.79840880
78.79840880
-77.34388586
-166.82514803
-277.54119124
-248.67762798
-479.30024437
-630.99118036
-674.86738015
-462.94729214
-281.53796852
-361.32439728
-277.98118634
-269.09290830
-254.01408958
-232.64397534
-210.92804367
-175.65956444
-220.76240543
-250.65054612
-403.45891065
-415.34592525
-349.26764096
-257.25991714
-146.46933856
-136.80054300
-105.04214894
-138.59215574
-91.24202894
-36.76561567
29.04147338
-9.58577466
112.42069293
112.42069293
8.80505365
-16.23868555
-34.76872844
-21.45496326
-34.91600168
-26.43591008
-16.06221919
7.35181870
-35.75270127
-176.88940075
-185.42688412
-218.93062000
-217.70445206
-44.77769047
-75.55709126
-96.38210072
-53.14739566
-136.57883599
-94.70145207
-79.98185726
-92.92733169
-241.72410511
-278.07380136
-320.04496104
-371.05092732
-257.70880912
-207.69220142
-113.62173917
-108.95958119
57.29230787
124.05161682
124.05161682
57.29230787
-108.95958119
-113.62173917
-207.69220142
-257.70880912
-371.05092732
-320.04496104
-278.07380136
-241.72410511
-92.92733169
-79.98185726
-94.70145207
-136.57883599
-53.14739566
-96.38210072
-75.55709126
-44.77769047
-217.70445206
-218.93062000
-185.42688412
-176.88940075
-35.75270127
7.35181870
-16.06221919
-26.43591008
-34.91600168
-21.45496326
-34.76872844
-16.23868555
8.80505365
112.42069293
112.42069293
112.42069293
112.42069293
112.42069293
112.42069293
112.42069293
112.42069293
112.42069293
112.42069293
112.42069293
112.42069293
112.42069293
112.42069293
112.42069293
112.42069293
112.42069293
112.42069293
112.42069293
112.42069293
112.42069293
112.42069293
112.42069293
112.42069293
112.42069293
112.42069293
112.42069293
112.42069293
112.42069293
112.42069293
112.42069293
112.42069293
112.42069293
112.42069293
112.42069293
112.42069293
112.42069293
112.42069293
112.42069293
112.42069293
112.42069293
112.42069293
112.42069293
112.42069293
112.42069293
112.42069293
112.42069293
112.42069293
112.42069293
112.42069293
112.42069293
112.42069293
112.42069293
112.42069293
112.42069293
112.42069293
112.42069293
112.42069293
112.42069293
112.42069293
112.42069293
112.42069293
112.42069293
112.42069293
112.42069293
