Py Solution
============
20.00000000
20.00000000
20.00000000
20.00000000
20.00000000
20.00000000
20.00000000
20.00000000
20.00000000
20.00000000
20.00000000
20.00000000
20.00000000
20.00000000
20.00000000
20.00000000
20.00000000
20.00000000
20.00000000
20.00000000
20.00000000
20.00000000
20.00000000
20.00000000
20.00000000
20.00000000
20.00000000
20.00000000
20.00000000
20.00000000
20.00000000
20.00000000
20.00000000
20.00000000
20.00000000
20.00000000
20.00000000
20.00000000
20.00000000
20.00000000
20.00000000
20.00000000
20.00000000
20.00000000
20.00000000
20.00000000
20.00000000
20.00000000
20.00000000
20.00000000
20.00000000
20.00000000
20.00000000
20.00000000
20.00000000
20.00000000
20.00000000
20.00000000
20.00000000
20.00000000
20.00000000
20.00000000
20.00000000
20.00000000
20.00000000
-14.53869670
-39.15013380
-57.85834223
-72.59006487
-84.42596849
-94.05036860
-101.93552872
-108.42715334
-113.78863334
-118.22618100
-121.90427283
-124.95578101
-127.48899219
-129.59269034
-131.33996982
-132.79117506
-133.99621406
-134.99640687
-135.82597887
-136.51327606
-137.08175934
-137.55082021
-137.93645086
-138.25179448
-138.50759613
-138.71257056
-138.87370009
-138.99647305
-139.08507105
-139.14251160
-139.17075100
-139.17075100
-139.14251160
-139.08507105
-138.99647305
-138.87370009
-138.71257056
-138.50759613
-138.25179448
-137.93645086
-137.55082021
-137.08175934
-136.51327606
-135.82597887
-134.99640687
-133.99621406
-132.79117506
-131.33996982
-129.59269034
-127.48899219
-124.95578101
-121.90427283
-118.22618100
-113.78863334
-108.42715334
-101.93552872
-94.05036860
-84.42596849
-72.59006487
-57.85834223
-39.15013380
-14.53869670
20.00000000
20.00000000
-39.00465300
-84.20349628
-119.69317025
-148.07594875
-171.06344048
-189.83997718
-205.26459295
-217.98445130
-228.50119900
-237.21181783
-244.43512930
-250.42985903
-255.40749742
-259.54179934
-262.97601387
-265.82851638
-268.19727429
-270.16343456
-271.79423253
-273.14536603
-274.26294111
-275.18507063
-275.94318874
-276.56313093
-277.06601949
-277.46898602
-277.78575674
-278.02712105
-278.20129954
-278.31422436
-278.36974141
-278.36974141
-278.31422436
-278.20129954
-278.02712105
-277.78575674
-277.46898602
-277.06601949
-276.56313093
-275.94318874
-275.18507063
-274.26294111
-273.14536603
-271.79423253
-270.16343456
-268.19727429
-265.82851638
-262.97601387
-259.54179934
-255.40749742
-250.42985903
-244.43512930
-237.21181783
-228.50119900
-217.98445130
-205.26459295
-189.83997718
-171.06344048
-148.07594875
-119.69317025
-84.20349628
-39.00465300
20.00000000
20.00000000
-57.27641903
-118.96602808
-168.63489375
-208.95711939
-241.91186752
-268.98150669
-291.29841459
-309.74485991
-325.01989356
-337.68476201
-348.19456751
-356.92102839
-364.16933912
-370.19099574
-375.19376995
-379.34960228
-382.80093218
-385.66582455
-388.04215067
-390.01101442
-391.63956842
-392.98333246
-394.08810253
-394.99152102
-395.72436488
-396.31159729
-396.77321982
-397.12495486
-397.37878170
-397.54334490
-397.62424886
-397.62424886
-397.54334490
-397.37878170
-397.12495486
-396.77321982
-396.31159729
-395.72436488
-394.99152102
-394.08810253
-392.98333246
-391.63956842
-390.01101442
-388.04215067
-385.66582455
-382.80093218
-379.34960228
-375.19376995
-370.19099574
-364.16933912
-356.92102839
-348.19456751
-337.68476201
-325.01989356
-309.74485991
-291.29841459
-268.98150669
-241.91186752
-208.95711939
-168.63489375
-118.96602808
-57.27641903
20.00000000
20.00000000
-71.13499502
-145.74930325
-206.92325727
-257.20576756
-298.64540350
-332.87576747
-361.20269882
-384.67668017
-404.14875330
-420.31276917
-433.73735032
-444.89034789
-454.15783492
-461.85907456
-468.25846791
-473.57519060
-477.99102760
-481.65678078
-484.69753119
-487.21697255
-489.30098570
-491.02058828
-492.43436788
-493.59048574
-494.52832174
-495.27981842
-495.87057038
-496.32069687
-496.64552752
-496.85612466
-496.95966027
-496.95966027
-496.85612466
-496.64552752
-496.32069687
-495.87057038
-495.27981842
-494.52832174
-493.59048574
-492.43436788
-491.02058828
-489.30098570
-487.21697255
-484.69753119
-481.65678078
-477.99102760
-473.57519060
-468.25846791
-461.85907456
-454.15783492
-444.89034789
-433.73735032
-420.31276917
-404.14875330
-384.67668017
-361.20269882
-332.87576747
-298.64540350
-257.20576756
-206.92325727
-145.74930325
-71.13499502
20.00000000
20.00000000
-81.51425780
-165.97293264
-236.10306453
-294.29729006
-342.58821146
-382.67346087
-415.95993305
-443.61040867
-466.58567031
-485.68021102
-501.55171674
-514.74517792
-525.71257812
-534.82899968
-542.40583653
-548.70166461
-553.93120683
-558.27273980
-561.87422074
-564.85835891
-567.32681355
-569.36366707
-571.03829500
-572.40773230
-573.51861792
-574.40878428
-575.10854640
-575.64173473
-576.02650684
-576.27596597
-576.39860730
-576.39860730
-576.27596597
-576.02650684
-575.64173473
-575.10854640
-574.40878428
-573.51861792
-572.40773230
-571.03829500
-569.36366707
-567.32681355
-564.85835891
-561.87422074
-558.27273980
-553.93120683
-548.70166461
-542.40583653
-534.82899968
-525.71257812
-514.74517792
-501.55171674
-485.68021102
-466.58567031
-443.61040867
-415.95993305
-382.67346087
-342.58821146
-294.29729006
-236.10306453
-165.97293264
-81.51425780
20.00000000
20.00000000
-88.94910356
-180.52510496
-257.21877815
-321.29211669
-374.73669143
-419.26993149
-456.35316382
-487.21935115
-512.90330826
-534.27068788
-552.04412767
-566.82606894
-579.11829996
-589.33850951
-597.83421390
-604.89442449
-610.75939532
-615.62875083
-619.66825308
-623.01542880
-625.78424251
-628.06897145
-629.94741273
-631.48353056
-632.72963336
-633.72815436
-634.51309623
-635.11118880
-635.54279914
-635.82262507
-635.96019565
-635.96019565
-635.82262507
-635.54279914
-635.11118880
-634.51309623
-633.72815436
-632.72963336
-631.48353056
-629.94741273
-628.06897145
-625.78424251
-623.01542880
-619.66825308
-615.62875083
-610.75939532
-604.89442449
-597.83421390
-589.33850951
-579.11829996
-566.82606894
-552.04412767
-534.27068788
-512.90330826
-487.21935115
-456.35316382
-419.26993149
-374.73669143
-321.29211669
-257.21877815
-180.52510496
-88.94910356
20.00000000
20.00000000
-93.75705148
-189.95960549
-270.95482643
-338.91570712
-395.79650606
-443.31640984
-482.96343961
-516.01052385
-543.53752369
-566.45510457
-585.52803714
-601.39667022
-614.59604325
-625.57252450
-634.69808507
-642.28242415
-648.58319912
-653.81461512
-658.15461193
-661.75086071
-664.72575622
-667.18056350
-669.19885391
-670.84934385
-672.18823060
-673.26110356
-674.10449537
-674.74712511
-675.21087585
-675.51153952
-675.65935458
-675.65935458
-675.51153952
-675.21087585
-674.74712511
-674.10449537
-673.26110356
-672.18823060
-670.84934385
-669.19885391
-667.18056350
-664.72575622
-661.75086071
-658.15461193
-653.81461512
-648.58319912
-642.28242415
-634.69808507
-625.57252450
-614.59604325
-601.39667022
-585.52803714
-566.45510457
-543.53752369
-516.01052385
-482.96343961
-443.31640984
-395.79650606
-338.91570712
-270.95482643
-189.95960549
-93.75705148
20.00000000
20.00000000
-96.11949686
-194.60143910
-277.72521494
-347.61937931
-406.21721586
-455.23576221
-496.17366092
-530.32178095
-558.78115807
-582.48416957
-602.21624608
-618.63653154
-632.29667833
-643.65746018
-653.10317772
-660.95398792
-667.47636188
-672.89189860
-677.38471881
-681.10764590
-684.18735818
-686.72867241
-688.81809555
-690.52676034
-691.91284162
-693.02353392
-693.89665658
-694.56194044
-695.04203962
-695.35330257
-695.50632857
-695.50632857
-695.35330257
-695.04203962
-694.56194044
-693.89665658
-693.02353392
-691.91284162
-690.52676034
-688.81809555
-686.72867241
-684.18735818
-681.10764590
-677.38471881
-672.89189860
-667.47636188
-660.95398792
-653.10317772
-643.65746018
-632.29667833
-618.63653154
-602.21624608
-582.48416957
-558.78115807
-530.32178095
-496.17366092
-455.23576221
-406.21721586
-347.61937931
-277.72521494
-194.60143910
-96.11949686
20.00000000
20.00000000
-96.11949686
-194.60143910
-277.72521494
-347.61937931
-406.21721586
-455.23576221
-496.17366092
-530.32178095
-558.78115807
-582.48416957
-602.21624608
-618.63653154
-632.29667833
-643.65746018
-653.10317772
-660.95398792
-667.47636188
-672.89189860
-677.38471881
-681.10764590
-684.18735818
-686.72867241
-688.81809555
-690.52676034
-691.91284162
-693.02353392
-693.89665658
-694.56194044
-695.04203962
-695.35330257
-695.50632857
-695.50632857
-695.35330257
-695.04203962
-694.56194044
-693.89665658
-693.02353392
-691.91284162
-690.52676034
-688.81809555
-686.72867241
-684.18735818
-681.10764590
-677.38471881
-672.89189860
-667.47636188
-660.95398792
-653.10317772
-643.65746018
-632.29667833
-618.63653154
-602.21624608
-582.48416957
-558.78115807
-530.32178095
-496.17366092
-455.23576221
-406.21721586
-347.61937931
-277.72521494
-194.60143910
-96.11949686
20.00000000
20.00000000
-93.75705148
-189.95960549
-270.95482643
-338.91570712
-395.79650606
-443.31640984
-482.96343961
-516.01052385
-543.53752369
-566.45510457
-585.52803714
-601.39667022
-614.59604325
-625.57252450
-634.69808507
-642.28242415
-648.58319912
-653.81461512
-658.15461193
-661.75086071
-664.72575622
-667.18056350
-669.19885391
-670.84934385
-672.18823060
-673.26110356
-674.10449537
-674.74712511
-675.21087585
-675.51153952
-675.65935458
-675.65935458
-675.51153952
-675.21087585
-674.74712511
-674.10449537
-673.26110356
-672.18823060
-670.84934385
-669.19885391
-667.18056350
-664.72575622
-661.75086071
-658.15461193
-653.81461512
-648.58319912
-642.28242415
-634.69808507
-625.57252450
-614.59604325
-601.39667022
-585.52803714
-566.45510457
-543.53752369
-516.01052385
-482.96343961
-443.31640984
-395.79650606
-338.91570712
-270.95482643
-189.95960549
-93.75705148
20.00000000
20.00000000
-88.94910356
-180.52510496
-257.21877815
-321.29211669
-374.73669143
-419.26993149
-456.35316382
-487.21935115
-512.90330826
-534.27068788
-552.04412767
-566.82606894
-579.11829996
-589.33850951
-597.83421390
-604.89442449
-610.75939532
-615.62875083
-619.66825308
-623.01542880
-625.78424251
-628.06897145
-629.94741273
-631.48353056
-632.72963336
-633.72815436
-634.51309623
-635.11118880
-635.54279914
-635.82262507
-635.96019565
-635.96019565
-635.82262507
-635.54279914
-635.11118880
-634.51309623
-633.72815436
-632.72963336
-631.48353056
-629.94741273
-628.06897145
-625.78424251
-623.01542880
-619.66825308
-615.62875083
-610.75939532
-604.89442449
-597.83421390
-589.33850951
-579.11829996
-566.82606894
-552.04412767
-534.27068788
-512.90330826
-487.21935115
-456.35316382
-419.26993149
-374.73669143
-321.29211669
-257.21877815
-180.52510496
-88.94910356
20.00000000
20.00000000
-81.51425780
-165.97293264
-236.10306453
-294.29729006
-342.58821146
-382.67346087
-415.95993305
-443.61040867
-466.58567031
-485.68021102
-501.55171674
-514.74517792
-525.71257812
-534.82899968
-542.40583653
-548.70166461
-553.93120683
-558.27273980
-561.87422074
-564.85835891
-567.32681355
-569.36366707
-571.03829500
-572.40773230
-573.51861792
-574.40878428
-575.10854640
-575.64173473
-576.02650684
-576.27596597
-576.39860730
-576.39860730
-576.27596597
-576.02650684
-575.64173473
-575.10854640
-574.40878428
-573.51861792
-572.40773230
-571.03829500
-569.36366707
-567.32681355
-564.85835891
-561.87422074
-558.27273980
-553.93120683
-548.70166461
-542.40583653
-534.82899968
-525.71257812
-514.74517792
-501.55171674
-485.68021102
-466.58567031
-443.61040867
-415.95993305
-382.67346087
-342.58821146
-294.29729006
-236.10306453
-165.97293264
-81.51425780
20.00000000
20.00000000
-71.13499502
-145.74930325
-206.92325727
-257.20576756
-298.64540350
-332.87576747
-361.20269882
-384.67668017
-404.14875330
-420.31276917
-433.73735032
-444.89034789
-454.15783492
-461.85907456
-468.25846791
-473.57519060
-477.99102760
-481.65678078
-484.69753119
-487.21697255
-489.30098570
-491.02058828
-492.43436788
-493.59048574
-494.52832174
-495.27981842
-495.87057038
-496.32069687
-496.64552752
-496.85612466
-496.95966027
-496.95966027
-496.85612466
-496.64552752
-496.32069687
-495.87057038
-495.27981842
-494.52832174
-493.59048574
-492.43436788
-491.02058828
-489.30098570
-487.21697255
-484.69753119
-481.65678078
-477.99102760
-473.57519060
-468.25846791
-461.85907456
-454.15783492
-444.89034789
-433.73735032
-420.31276917
-404.14875330
-384.67668017
-361.20269882
-332.87576747
-298.64540350
-257.20576756
-206.92325727
-145.74930325
-71.13499502
20.00000000
20.00000000
-57.27641903
-118.96602808
-168.63489375
-208.95711939
-241.91186752
-268.98150669
-291.29841459
-309.74485991
-325.01989356
-337.68476201
-348.19456751
-356.92102839
-364.16933912
-370.19099574
-375.19376995
-379.34960228
-382.80093218
-385.66582455
-388.04215067
-390.01101442
-391.63956842
-392.98333246
-394.08810253
-394.99152102
-395.72436488
-396.31159729
-396.77321982
-397.12495486
-397.37878170
-397.54334490
-397.62424886
-397.62424886
-397.54334490
-397.37878170
-397.12495486
-396.77321982
-396.31159729
-395.72436488
-394.99152102
-394.08810253
-392.98333246
-391.63956842
-390.01101442
-388.04215067
-385.66582455
-382.80093218
-379.34960228
-375.19376995
-370.19099574
-364.16933912
-356.92102839
-348.19456751
-337.68476201
-325.01989356
-309.74485991
-291.29841459
-268.98150669
-241.91186752
-208.95711939
-168.63489375
-118.96602808
-57.27641903
20.00000000
20.00000000
-39.00465300
-84.20349628
-119.69317025
-148.07594875
-171.06344048
-189.83997718
-205.26459295
-217.98445130
-228.50119900
-237.21181783
-244.43512930
-250.42985903
-255.40749742
-259.54179934
-262.97601387
-265.82851638
-268.19727429
-270.16343456
-271.79423253
-273.14536603
-274.26294111
-275.18507063
-275.94318874
-276.56313093
-277.06601949
-277.46898602
-277.78575674
-278.02712105
-278.20129954
-278.31422436
-278.36974141
-278.36974141
-278.31422436
-278.20129954
-278.02712105
-277.78575674
-277.46898602
-277.06601949
-276.56313093
-275.94318874
-275.18507063
-274.26294111
-273.14536603
-271.79423253
-270.16343456
-268.19727429
-265.82851638
-262.97601387
-259.54179934
-255.40749742
-250.42985903
-244.43512930
-237.21181783
-228.50119900
-217.98445130
-205.26459295
-189.83997718
-171.06344048
-148.07594875
-119.69317025
-84.20349628
-39.00465300
20.00000000
20.00000000
-14.53869670
-39.15013380
-57.85834223
-72.59006487
-84.42596849
-94.05036860
-101.93552872
-108.42715334
-113.78863334
-118.22618100
-121.90427283
-124.95578101
-127.48899219
-129.59269034
-131.33996982
-132.79117506
-133.99621406
-134.99640687
-135.82597887
-136.51327606
-137.08175934
-137.55082021
-137.93645086
-138.25179448
-138.50759613
-138.71257056
-138.87370009
-138.99647305
-139.08507105
-139.14251160
-139.17075100
-139.17075100
-139.14251160
-139.08507105
-138.99647305
-138.87370009
-138.71257056
-138.50759613
-138.25179448
-137.93645086
-137.55082021
-137.08175934
-136.51327606
-135.82597887
-134.99640687
-133.99621406
-132.79117506
-131.33996982
-129.59269034
-127.48899219
-124.95578101
-121.90427283
-118.22618100
-113.78863334
-108.42715334
-101.93552872
-94.05036860
-84.42596849
-72.59006487
-57.85834223
-39.15013380
-14.53869670
20.00000000
20.00000000
20.00000000
20.00000000
20.00000000
20.00000000
20.00000000
20.00000000
20.00000000
20.00000000
20.00000000
20.00000000
20.00000000
20.00000000
20.00000000
20.00000000
20.00000000
20.00000000
20.00000000
20.00000000
20.00000000
20.00000000
20.00000000
20.00000000
20.00000000
20.00000000
20.00000000
20.00000000
20.00000000
20.00000000
20.00000000
20.00000000
20.00000000
20.00000000
20.00000000
20.00000000
20.00000000
20.00000000
20.00000000
20.00000000
20.00000000
20.00000000
20.00000000
20.00000000
20.00000000
20.00000000
20.00000000
20.00000000
20.00000000
20.00000000
20.00000000
20.00000000
20.00000000
20.00000000
20.00000000
20.00000000
20.00000000
20.00000000
20.00000000
20.00000000
20.00000000
20.00000000
20.00000000
20.00000000
20.00000000
